0.000000000000000000e+00
4.000000000000000000e+00
9.000000000000000000e+00
1.400000000000000000e+01
2.100000000000000000e+01
4.900000000000000000e+01
5.800000000000000000e+01
6.300000000000000000e+01
7.900000000000000000e+01
9.000000000000000000e+01
1.560000000000000000e+02
1.600000000000000000e+02
1.640000000000000000e+02
1.960000000000000000e+02
2.030000000000000000e+02
2.070000000000000000e+02
2.150000000000000000e+02
2.190000000000000000e+02
2.240000000000000000e+02
2.370000000000000000e+02
2.410000000000000000e+02
2.440000000000000000e+02
2.480000000000000000e+02
2.580000000000000000e+02
2.640000000000000000e+02
2.700000000000000000e+02
2.810000000000000000e+02
2.870000000000000000e+02
2.910000000000000000e+02
2.950000000000000000e+02
3.030000000000000000e+02
3.130000000000000000e+02
3.250000000000000000e+02
3.300000000000000000e+02
3.450000000000000000e+02
3.720000000000000000e+02
3.760000000000000000e+02
4.000000000000000000e+02
4.140000000000000000e+02
4.240000000000000000e+02
4.350000000000000000e+02
4.390000000000000000e+02
4.450000000000000000e+02
4.580000000000000000e+02
4.620000000000000000e+02
4.670000000000000000e+02
4.710000000000000000e+02
4.950000000000000000e+02
5.020000000000000000e+02
5.090000000000000000e+02
5.150000000000000000e+02
5.260000000000000000e+02
5.300000000000000000e+02
5.750000000000000000e+02
5.800000000000000000e+02
5.890000000000000000e+02
5.940000000000000000e+02
6.360000000000000000e+02
6.430000000000000000e+02
6.470000000000000000e+02
6.520000000000000000e+02
6.670000000000000000e+02
6.720000000000000000e+02
6.760000000000000000e+02
6.810000000000000000e+02
6.870000000000000000e+02
6.910000000000000000e+02
6.950000000000000000e+02
6.990000000000000000e+02
7.630000000000000000e+02
7.760000000000000000e+02
7.800000000000000000e+02
8.010000000000000000e+02
8.140000000000000000e+02
8.220000000000000000e+02
8.370000000000000000e+02
8.550000000000000000e+02
8.600000000000000000e+02
8.660000000000000000e+02
8.700000000000000000e+02
8.740000000000000000e+02
8.880000000000000000e+02
8.930000000000000000e+02
9.070000000000000000e+02
9.110000000000000000e+02
9.220000000000000000e+02
9.270000000000000000e+02
9.320000000000000000e+02
9.370000000000000000e+02
9.420000000000000000e+02
9.630000000000000000e+02
9.690000000000000000e+02
9.780000000000000000e+02
9.840000000000000000e+02
9.880000000000000000e+02
1.002000000000000000e+03
1.006000000000000000e+03
1.029000000000000000e+03
1.035000000000000000e+03
1.039000000000000000e+03
1.043000000000000000e+03
1.083000000000000000e+03
1.087000000000000000e+03
1.096000000000000000e+03
1.100000000000000000e+03
1.104000000000000000e+03
1.156000000000000000e+03
1.168000000000000000e+03
1.172000000000000000e+03
1.178000000000000000e+03
1.194000000000000000e+03
1.205000000000000000e+03
1.217000000000000000e+03
1.252000000000000000e+03
1.266000000000000000e+03
1.284000000000000000e+03
1.288000000000000000e+03
1.304000000000000000e+03
1.308000000000000000e+03
1.312000000000000000e+03
1.318000000000000000e+03
1.322000000000000000e+03
1.335000000000000000e+03
1.339000000000000000e+03
1.348000000000000000e+03
1.368000000000000000e+03
1.372000000000000000e+03
1.398000000000000000e+03
1.402000000000000000e+03
1.406000000000000000e+03
1.417000000000000000e+03
1.433000000000000000e+03
1.438000000000000000e+03
1.449000000000000000e+03
1.454000000000000000e+03
1.465000000000000000e+03
1.477000000000000000e+03
1.484000000000000000e+03
1.493000000000000000e+03
1.514000000000000000e+03
1.538000000000000000e+03
1.546000000000000000e+03
1.580000000000000000e+03
1.586000000000000000e+03
1.598000000000000000e+03
1.607000000000000000e+03
1.619000000000000000e+03
1.630000000000000000e+03
1.638000000000000000e+03
1.658000000000000000e+03
1.670000000000000000e+03
1.681000000000000000e+03
1.685000000000000000e+03
1.705000000000000000e+03
1.736000000000000000e+03
1.801000000000000000e+03
1.805000000000000000e+03
1.809000000000000000e+03
1.816000000000000000e+03
1.822000000000000000e+03
1.827000000000000000e+03
1.834000000000000000e+03
1.838000000000000000e+03
1.870000000000000000e+03
1.875000000000000000e+03
1.879000000000000000e+03
1.899000000000000000e+03
1.903000000000000000e+03
1.908000000000000000e+03
1.912000000000000000e+03
1.923000000000000000e+03
1.941000000000000000e+03
1.946000000000000000e+03
1.963000000000000000e+03
1.978000000000000000e+03
2.007000000000000000e+03
2.011000000000000000e+03
2.061000000000000000e+03
2.065000000000000000e+03
2.084000000000000000e+03
2.090000000000000000e+03
2.096000000000000000e+03
2.104000000000000000e+03
2.108000000000000000e+03
2.116000000000000000e+03
2.120000000000000000e+03
2.128000000000000000e+03
2.133000000000000000e+03
2.144000000000000000e+03
2.151000000000000000e+03
2.156000000000000000e+03
2.172000000000000000e+03
2.176000000000000000e+03
2.185000000000000000e+03
2.189000000000000000e+03
2.208000000000000000e+03
2.217000000000000000e+03
2.230000000000000000e+03
2.238000000000000000e+03
2.242000000000000000e+03
2.286000000000000000e+03
2.290000000000000000e+03
2.311000000000000000e+03
2.324000000000000000e+03
2.338000000000000000e+03
2.342000000000000000e+03
2.356000000000000000e+03
2.371000000000000000e+03
2.462000000000000000e+03
2.478000000000000000e+03
2.484000000000000000e+03
2.490000000000000000e+03
2.496000000000000000e+03
2.510000000000000000e+03
2.546000000000000000e+03
2.550000000000000000e+03
2.569000000000000000e+03
2.593000000000000000e+03
2.597000000000000000e+03
2.601000000000000000e+03
2.608000000000000000e+03
2.635000000000000000e+03
2.639000000000000000e+03
2.643000000000000000e+03
2.664000000000000000e+03
2.670000000000000000e+03
2.682000000000000000e+03
2.688000000000000000e+03
2.705000000000000000e+03
2.711000000000000000e+03
2.715000000000000000e+03
2.727000000000000000e+03
2.744000000000000000e+03
2.753000000000000000e+03
2.757000000000000000e+03
2.874000000000000000e+03
2.880000000000000000e+03
