0.000000000000000000e+00
7.810000000000000000e+02
7.820000000000000000e+02
7.830000000000000000e+02
7.840000000000000000e+02
7.860000000000000000e+02
8.880000000000000000e+02
9.660000000000000000e+02
9.670000000000000000e+02
9.680000000000000000e+02
9.690000000000000000e+02
9.730000000000000000e+02
9.740000000000000000e+02
9.850000000000000000e+02
9.860000000000000000e+02
9.870000000000000000e+02
9.880000000000000000e+02
9.920000000000000000e+02
9.930000000000000000e+02
9.990000000000000000e+02
1.000000000000000000e+03
1.001000000000000000e+03
1.002000000000000000e+03
1.033000000000000000e+03
1.037000000000000000e+03
1.041000000000000000e+03
1.043000000000000000e+03
1.053000000000000000e+03
1.054000000000000000e+03
1.055000000000000000e+03
1.063000000000000000e+03
1.064000000000000000e+03
1.065000000000000000e+03
1.076000000000000000e+03
1.089000000000000000e+03
1.090000000000000000e+03
1.091000000000000000e+03
1.105000000000000000e+03
1.106000000000000000e+03
1.107000000000000000e+03
1.108000000000000000e+03
1.109000000000000000e+03
1.110000000000000000e+03
1.131000000000000000e+03
1.132000000000000000e+03
1.144000000000000000e+03
1.171000000000000000e+03
1.172000000000000000e+03
1.176000000000000000e+03
1.285000000000000000e+03
1.286000000000000000e+03
1.287000000000000000e+03
1.288000000000000000e+03
1.289000000000000000e+03
1.290000000000000000e+03
1.308000000000000000e+03
1.310000000000000000e+03
1.311000000000000000e+03
1.314000000000000000e+03
1.411000000000000000e+03
1.412000000000000000e+03
1.413000000000000000e+03
1.437000000000000000e+03
1.438000000000000000e+03
1.439000000000000000e+03
1.440000000000000000e+03
1.441000000000000000e+03
1.442000000000000000e+03
1.443000000000000000e+03
1.444000000000000000e+03
1.445000000000000000e+03
1.446000000000000000e+03
1.507000000000000000e+03
1.509000000000000000e+03
1.510000000000000000e+03
1.514000000000000000e+03
1.515000000000000000e+03
1.516000000000000000e+03
1.517000000000000000e+03
1.546000000000000000e+03
1.549000000000000000e+03
1.550000000000000000e+03
1.551000000000000000e+03
1.570000000000000000e+03
1.602000000000000000e+03
1.603000000000000000e+03
1.604000000000000000e+03
1.605000000000000000e+03
1.606000000000000000e+03
1.607000000000000000e+03
1.608000000000000000e+03
1.609000000000000000e+03
1.610000000000000000e+03
1.611000000000000000e+03
1.612000000000000000e+03
1.668000000000000000e+03
1.669000000000000000e+03
1.670000000000000000e+03
1.671000000000000000e+03
1.673000000000000000e+03
1.677000000000000000e+03
1.678000000000000000e+03
1.679000000000000000e+03
1.680000000000000000e+03
1.682000000000000000e+03
1.760000000000000000e+03
1.761000000000000000e+03
1.764000000000000000e+03
1.879000000000000000e+03
1.880000000000000000e+03
1.881000000000000000e+03
1.883000000000000000e+03
1.884000000000000000e+03
1.886000000000000000e+03
1.887000000000000000e+03
1.896000000000000000e+03
1.905000000000000000e+03
1.909000000000000000e+03
1.910000000000000000e+03
1.913000000000000000e+03
1.914000000000000000e+03
1.915000000000000000e+03
1.916000000000000000e+03
1.917000000000000000e+03
1.918000000000000000e+03
1.919000000000000000e+03
1.921000000000000000e+03
1.968000000000000000e+03
1.969000000000000000e+03
1.972000000000000000e+03
1.976000000000000000e+03
1.977000000000000000e+03
1.978000000000000000e+03
1.979000000000000000e+03
1.980000000000000000e+03
1.981000000000000000e+03
1.982000000000000000e+03
1.995000000000000000e+03
1.996000000000000000e+03
1.997000000000000000e+03
1.998000000000000000e+03
1.999000000000000000e+03
2.000000000000000000e+03
2.001000000000000000e+03
2.088000000000000000e+03
2.172000000000000000e+03
2.173000000000000000e+03
2.174000000000000000e+03
2.178000000000000000e+03
2.179000000000000000e+03
2.180000000000000000e+03
2.181000000000000000e+03
2.182000000000000000e+03
2.183000000000000000e+03
2.184000000000000000e+03
2.185000000000000000e+03
2.186000000000000000e+03
2.187000000000000000e+03
2.193000000000000000e+03
2.208000000000000000e+03
2.231000000000000000e+03
2.235000000000000000e+03
2.236000000000000000e+03
2.237000000000000000e+03
2.244000000000000000e+03
2.245000000000000000e+03
2.247000000000000000e+03
2.260000000000000000e+03
2.261000000000000000e+03
2.262000000000000000e+03
2.263000000000000000e+03
2.267000000000000000e+03
2.268000000000000000e+03
2.269000000000000000e+03
2.270000000000000000e+03
2.271000000000000000e+03
2.272000000000000000e+03
2.273000000000000000e+03
2.274000000000000000e+03
2.275000000000000000e+03
2.285000000000000000e+03
2.286000000000000000e+03
2.287000000000000000e+03
2.288000000000000000e+03
2.289000000000000000e+03
2.290000000000000000e+03
2.343000000000000000e+03
2.359000000000000000e+03
2.360000000000000000e+03
2.361000000000000000e+03
2.362000000000000000e+03
2.363000000000000000e+03
2.379000000000000000e+03
2.408000000000000000e+03
2.472000000000000000e+03
2.473000000000000000e+03
2.474000000000000000e+03
2.478000000000000000e+03
2.553000000000000000e+03
2.554000000000000000e+03
2.555000000000000000e+03
2.558000000000000000e+03
2.559000000000000000e+03
2.569000000000000000e+03
2.570000000000000000e+03
2.571000000000000000e+03
2.572000000000000000e+03
2.573000000000000000e+03
2.574000000000000000e+03
2.677000000000000000e+03
2.678000000000000000e+03
2.679000000000000000e+03
2.680000000000000000e+03
2.681000000000000000e+03
2.682000000000000000e+03
2.683000000000000000e+03
2.684000000000000000e+03
2.685000000000000000e+03
2.689000000000000000e+03
2.690000000000000000e+03
2.691000000000000000e+03
2.692000000000000000e+03
2.694000000000000000e+03
2.712000000000000000e+03
2.724000000000000000e+03
2.780000000000000000e+03
2.783000000000000000e+03
2.784000000000000000e+03
2.785000000000000000e+03
2.786000000000000000e+03
2.787000000000000000e+03
2.787000000000000000e+03
2.791000000000000000e+03
2.792000000000000000e+03
2.793000000000000000e+03
2.798000000000000000e+03
2.880000000000000000e+03
