0.000000000000000000e+00
1.000000000000000000e+00
2.000000000000000000e+00
3.000000000000000000e+00
4.000000000000000000e+00
5.000000000000000000e+00
6.200000000000000000e+01
6.300000000000000000e+01
6.400000000000000000e+01
6.500000000000000000e+01
6.600000000000000000e+01
8.400000000000000000e+01
9.000000000000000000e+01
1.200000000000000000e+02
2.060000000000000000e+02
2.070000000000000000e+02
2.080000000000000000e+02
2.090000000000000000e+02
2.100000000000000000e+02
2.110000000000000000e+02
2.120000000000000000e+02
2.130000000000000000e+02
2.140000000000000000e+02
2.680000000000000000e+02
2.690000000000000000e+02
2.700000000000000000e+02
2.710000000000000000e+02
2.720000000000000000e+02
2.730000000000000000e+02
2.740000000000000000e+02
2.750000000000000000e+02
2.760000000000000000e+02
3.780000000000000000e+02
4.080000000000000000e+02
4.200000000000000000e+02
4.260000000000000000e+02
4.440000000000000000e+02
4.450000000000000000e+02
4.460000000000000000e+02
4.680000000000000000e+02
4.690000000000000000e+02
4.700000000000000000e+02
4.710000000000000000e+02
4.720000000000000000e+02
4.730000000000000000e+02
5.070000000000000000e+02
5.080000000000000000e+02
5.090000000000000000e+02
5.100000000000000000e+02
5.110000000000000000e+02
5.120000000000000000e+02
5.130000000000000000e+02
5.140000000000000000e+02
5.150000000000000000e+02
5.160000000000000000e+02
5.830000000000000000e+02
5.840000000000000000e+02
5.850000000000000000e+02
5.860000000000000000e+02
5.870000000000000000e+02
5.880000000000000000e+02
6.270000000000000000e+02
6.280000000000000000e+02
6.290000000000000000e+02
6.300000000000000000e+02
7.800000000000000000e+02
7.810000000000000000e+02
7.820000000000000000e+02
7.830000000000000000e+02
7.840000000000000000e+02
7.850000000000000000e+02
7.860000000000000000e+02
7.870000000000000000e+02
7.880000000000000000e+02
8.130000000000000000e+02
8.140000000000000000e+02
8.150000000000000000e+02
8.160000000000000000e+02
8.220000000000000000e+02
8.860000000000000000e+02
8.870000000000000000e+02
8.880000000000000000e+02
8.890000000000000000e+02
8.900000000000000000e+02
8.910000000000000000e+02
8.920000000000000000e+02
8.930000000000000000e+02
9.780000000000000000e+02
9.840000000000000000e+02
9.850000000000000000e+02
9.860000000000000000e+02
9.870000000000000000e+02
9.880000000000000000e+02
9.890000000000000000e+02
9.910000000000000000e+02
9.920000000000000000e+02
9.930000000000000000e+02
9.940000000000000000e+02
9.950000000000000000e+02
9.960000000000000000e+02
1.152000000000000000e+03
1.153000000000000000e+03
1.154000000000000000e+03
1.155000000000000000e+03
1.156000000000000000e+03
1.157000000000000000e+03
1.158000000000000000e+03
1.159000000000000000e+03
1.160000000000000000e+03
1.162000000000000000e+03
1.163000000000000000e+03
1.164000000000000000e+03
1.170000000000000000e+03
1.259000000000000000e+03
1.260000000000000000e+03
1.261000000000000000e+03
1.262000000000000000e+03
1.263000000000000000e+03
1.264000000000000000e+03
1.265000000000000000e+03
1.266000000000000000e+03
1.284000000000000000e+03
1.380000000000000000e+03
1.392000000000000000e+03
1.393000000000000000e+03
1.411000000000000000e+03
1.412000000000000000e+03
1.413000000000000000e+03
1.414000000000000000e+03
1.415000000000000000e+03
1.416000000000000000e+03
1.417000000000000000e+03
1.488000000000000000e+03
1.489000000000000000e+03
1.490000000000000000e+03
1.536000000000000000e+03
1.537000000000000000e+03
1.567000000000000000e+03
1.568000000000000000e+03
1.569000000000000000e+03
1.570000000000000000e+03
1.571000000000000000e+03
1.572000000000000000e+03
1.573000000000000000e+03
1.574000000000000000e+03
1.575000000000000000e+03
1.576000000000000000e+03
1.577000000000000000e+03
1.578000000000000000e+03
1.716000000000000000e+03
1.717000000000000000e+03
1.718000000000000000e+03
1.731000000000000000e+03
1.732000000000000000e+03
1.733000000000000000e+03
1.734000000000000000e+03
1.735000000000000000e+03
1.736000000000000000e+03
1.737000000000000000e+03
1.738000000000000000e+03
1.739000000000000000e+03
1.740000000000000000e+03
1.800000000000000000e+03
1.902000000000000000e+03
1.920000000000000000e+03
1.924000000000000000e+03
1.925000000000000000e+03
1.926000000000000000e+03
1.927000000000000000e+03
1.928000000000000000e+03
2.004000000000000000e+03
2.005000000000000000e+03
2.006000000000000000e+03
2.045000000000000000e+03
2.046000000000000000e+03
2.047000000000000000e+03
2.048000000000000000e+03
2.049000000000000000e+03
2.050000000000000000e+03
2.051000000000000000e+03
2.052000000000000000e+03
2.053000000000000000e+03
2.123000000000000000e+03
2.124000000000000000e+03
2.125000000000000000e+03
2.126000000000000000e+03
2.127000000000000000e+03
2.128000000000000000e+03
2.179000000000000000e+03
2.180000000000000000e+03
2.181000000000000000e+03
2.182000000000000000e+03
2.183000000000000000e+03
2.184000000000000000e+03
2.185000000000000000e+03
2.186000000000000000e+03
2.205000000000000000e+03
2.206000000000000000e+03
2.207000000000000000e+03
2.208000000000000000e+03
2.352000000000000000e+03
2.353000000000000000e+03
2.354000000000000000e+03
2.355000000000000000e+03
2.356000000000000000e+03
2.357000000000000000e+03
2.358000000000000000e+03
2.359000000000000000e+03
2.360000000000000000e+03
2.361000000000000000e+03
2.550000000000000000e+03
2.551000000000000000e+03
2.552000000000000000e+03
2.553000000000000000e+03
2.554000000000000000e+03
2.555000000000000000e+03
2.597000000000000000e+03
2.598000000000000000e+03
2.599000000000000000e+03
2.600000000000000000e+03
2.601000000000000000e+03
2.602000000000000000e+03
2.603000000000000000e+03
2.604000000000000000e+03
2.610000000000000000e+03
2.616000000000000000e+03
2.730000000000000000e+03
2.736000000000000000e+03
2.737000000000000000e+03
2.738000000000000000e+03
2.784000000000000000e+03
2.785000000000000000e+03
2.786000000000000000e+03
2.787000000000000000e+03
2.788000000000000000e+03
2.789000000000000000e+03
2.880000000000000000e+03
